{
    "bodyColor": {
        "r": 0.9514063000679016,
        "g": 0.7286187410354614,
        "b": 0.7174229621887207,
        "a": 1.0
    },
    "hairColor": {
        "r": 0.7934673428535461,
        "g": 0.48627448081970217,
        "b": 0.8313725590705872,
        "a": 0.0
    },
    "shirtColor": {
        "r": 0.6666666865348816,
        "g": 0.325973778963089,
        "b": 0.5525234937667847,
        "a": 0.0
    },
    "pantsColor": {
        "r": 0.42745092511177065,
        "g": 0.42745092511177065,
        "b": 0.42745092511177065,
        "a": 0.0
    },
    "shoesColor": {
        "r": 1.0,
        "g": 1.0,
        "b": 1.0,
        "a": 0.0
    },
    "gender": 1,
    "typeValue": 0,
    "hairValue": 1,
    "shirtsValue": 0
}